231.887
233.808
235.713
237.602
239.476
241.335
243.181
245.013
246.834
248.642
250.44
252.228
254.007
255.777
257.539
259.295
261.043
262.787
264.525
266.259
267.989
269.715
271.437
273.154
274.867
276.575
278.277
279.974
281.665
283.35
285.029
286.701
288.366
290.024
291.675
293.321
294.962
296.599
298.234
299.867
301.499
303.132
304.766
306.402
308.041
309.685
311.333
312.988
314.646
316.305
317.96
319.608
321.243
322.862
324.462
326.038
327.586
329.104
330.586
332.029
333.43
334.785
336.09
337.34
338.535
339.675
340.765
341.809
342.811
343.774
344.702
345.6
346.471
347.319
348.147
348.96
349.761
350.554
351.343
352.131
352.922
353.72
354.529
355.352
356.192
357.055
357.943
358.86
359.81
0.797057
1.82385
2.8925
3.99855
5.13631
6.30018
7.4845
8.68364
9.89199
11.1039
12.3137
13.5158
14.7045
15.8741
17.019
18.1335
19.2118
20.2482
21.238
22.1824
23.0848
23.9488
24.7779
25.5756
26.3455
27.0909
27.8156
28.5229
29.2166
29.9
30.5769
31.2508
31.9252
32.6037
33.29
33.9877
34.7003
35.4314
36.1814
36.9479
37.7286
38.5209
39.3225
40.1307
40.9432
41.7574
42.5709
43.3811
44.1854
44.9814
45.7669
46.542
47.3066
48.061
48.8054
49.5401
50.2651
50.9807
51.6873
52.3847
53.0736
53.7538
54.4259
55.0899
55.7461
56.395
57.0371
57.6728
58.3026
58.9269
59.5462
60.161
60.7716
61.3787
61.9825
62.5837
63.1826
63.7797
64.3756
64.9706
65.5652
66.1599
66.7552
67.3516
67.9494
68.5493
69.1515
69.7552
70.3585
70.9596
71.5565
72.1473
72.7302
73.3032
73.8645
74.412
74.9439
75.4583
75.9531
76.4265
76.8766
77.3013
77.7002
78.0747
78.4262
78.7564
79.0667
79.3586
79.6338
79.8938
80.1401
80.3743
80.5979
80.8125
81.0196
81.2209
81.4179
81.6122
81.8053
81.9989
82.1945
82.3936
82.5979
82.809
83.0284
83.2574
83.4958
83.7434
83.9997
84.2644
84.5371
84.8174
85.1049
85.3993
85.7001
86.007
86.3197
86.6377
86.9607
87.2881
87.6199
87.9554
88.2943
88.6364
88.981
89.3279
89.6767
90.0269
90.3783
90.7305
91.0828
91.4352
91.787
92.138
92.4878
92.8359
93.1819
93.5255
93.8674
94.2096
94.5538
94.902
95.2562
95.6182
95.99
96.3735
96.7707
97.1835
97.6139
98.0638
98.5352
99.0301
99.5504
100.098
100.669
101.259
101.865
102.48
103.101
103.722
104.34
104.949
105.545
106.122
106.677
107.211
107.726
108.225
108.712
109.19
109.663
110.132
110.603
111.078
111.56
112.052
112.558
113.082
113.625
114.193
114.788
115.413
116.071
116.767
117.503
118.283
119.108
119.978
120.891
121.847
122.845
123.885
124.965
126.086
127.247
128.447
129.685
130.96
132.273
133.621
135.006
136.425
137.878
139.365
140.884
229.948
141.763
142.465
143.18
143.909
144.651
145.408
146.178
146.963
147.762
148.575
149.403
150.245
151.101
151.972
152.857
153.756
154.669
155.597
156.538
157.493
158.461
159.442
160.436
161.442
162.461
163.491
164.532
165.584
166.645
167.716
168.796
169.884
170.98
172.082
173.19
174.303
175.421
176.542
177.665
178.79
179.91
181.044
182.17
183.293
184.415
185.533
186.647
187.756
188.859
189.955
191.044
192.125
193.198
194.261
195.314
196.356
197.388
198.408
199.416
200.412
201.395
202.365
203.322
204.265
205.194
206.11
207.011
207.898
208.771
209.629
210.473
211.303
212.118
212.919
213.706
214.478
215.237
215.981
216.712
217.429
218.133
218.823
219.501
220.165
220.816
221.455
222.082
222.696
223.299
223.89
224.469
225.037
225.594
226.14
226.676
227.201
227.716
228.221
228.716
229.202
