0  0.00625626  0  969.693
0  0.00592085  0  965.456
0  0.00586353  0  961.557
0  0.00552693  0  957.491
0  0.0053912  0  955.463
0  0.00553318  0  953.424
0  0.00560471  0  951.396
0  0.00593051  0  949.216
0  0.00552223  0  945.286
0  0.00560025  0  941.093
0  0.00559291  0  939.19
0  0.00565083  0  937.156
0  0.00552864  0  935.121
0  0.00534686  0  933.092
0  0.00549101  0  931.061
0  0.0054421  0  929.027
0  0.00538095  0  926.997
0  0.00537409  0  924.959
0  0.0054613  0  922.924
0  0.00564949  0  920.898
0  0.00493568  0  918.712
0  0.00591356  0  916.826
0  0.00576136  0  914.798
0  0.00572635  0  912.76
0  0.00552982  0  910.726
0  0.00554604  0  908.693
0  0.00566009  0  906.664
0  0.0057959  0  904.626
0  0.00572383  0  902.444
0  0.00557632  0  900.56
0  0.00557078  0  898.529
0  0.00550551  0  896.488
0  0.00554913  0  894.463
0  0.00555444  0  892.419
0  0.00553443  0  890.397
0  0.00535694  0  888.347
0  0.00551349  0  886.334
0  0.00558097  0  884.148
0  0.00560198  0  882.263
0  0.00537916  0  880.223
0  0.00564888  0  878.2
0  0.00499787  0  876.162
0  0.00554372  0  874.132
0  0.0054102  0  872.097
0  0.00547491  0  870.067
0  0.00534874  0  868.027
0  0.00560187  0  865.871
0  0.0064604  47  863.964
0  0.00611227  47  861.796
0  0.00571998  47  859.886
0  0.0064795  50  857.869
0  0.0139413  51  855.665
0  0.00887954  51  853.799
0  0.00887497  51  851.767
0  0.0113386  51  849.734
0  0.022542  55  847.693
0  0.0272374  56  845.669
0  0.0326564  57  843.633
0  0.0208841  57  841.604
0  0.0155323  57  839.556
0  0.0108445  57  837.538
0  0.0212995  57  835.329
0  0.021776  57  833.47
0  0.0273958  57  831.302
0  0.0373439  64  829.268
0  0.0493929  65  827.367
0  0.0539948  66  825.176
0  0.0615114  67  823.306
0  0.0751339  68  821.106
0  0.0863385  69  819.088
0  0.0847565  69  817.052
0  0.0876301  71  815.17
0  0.0844653  71  813
0  0.0843177  71  811.103
0  0.0773268  71  808.893
0  0.0723892  71  807.036
0  0.0765591  71  804.864
1  0.0776671  71  802.844
