90.8552
91.1693
90.8552
91.1693
91.0283
91.1693
91.1693
91.4135
91.4827
91.9547
91.9646
92.3525
92.5967
92.7807
92.9613
93.0294
93.2198
93.5688
93.8034
93.9226
94.088
94.3007
94.4015
94.4142
94.6836
95.1
95.2973
95.894
96.1276
96.1288
96.3468
96.3737
96.5498
96.8315
97.1642
97.174
97.4637
97.5135
97.6043
97.6383
97.7968
97.8965
98.03
98.3588
98.378
98.6765
98.9933
98.8622
99.1955
99.215
99.215
99.215
99.215
99.3281
99.41
99.41
99.5465
99.5465
99.8501
99.9053
99.9807
99.9807
99.9642
99.9807
99.9807
99.9807
100.024
100.024
100.246
100.246
100.246
100.315
100.315
100.315
100.354
100.354
100.23
100.23
100.348
100.348
100.348
100.403
100.403
100.403
100.407
100.407
100.407
100.451
100.584
100.584
100.584
100.795
100.795
100.795
100.912
100.795
100.83
101.048
101.048
101.048
101.101
100.83
100.83
100.83
101.101
101.101
101.101
100.549
100.549
100.549
100.549
100.549
100.549
100.513
100.513
100.513
100.513
100.513
100.513
100.555
100.555
100.555
100.628
100.628
100.555
100.555
100.555
100.555
100.519
100.674
100.519
100.458
100.401
100.458
100.408
100.401
100.401
100.401
100.371
100.371
100.371
100.303
99.7746
99.7746
99.9049
99.7746
99.7514
99.7514
99.7514
99.655
99.6481
99.655
99.6481
98.9682
98.9682
99.3992
98.9682
98.9225
98.9569
98.9682
98.9569
98.5804
98.9569
98.5804
98.554
98.5804
98.851
98.5804
98.3502
98.1694
98.3502
98.1694
98.1694
98.1694
98.1204
97.7721
97.3064
97.3064
97.3833
97.3064
97.3064
97.3064
97.1107
96.9979
96.9979
96.3582
96.3582
96.3334
96.3334
96.3582
96.3334
96.0541
96.0541
95.4168
95.4168
95.3635
95.3635
94.7684
94.6242
94.7684
94.6242
94.2114
94.6242
94.3824
94.2114
93.7798
93.7798
93.7798
93.6151
93.3932
93.3932
93.3104
93.2367
92.7293
93.1789
92.7293
92.68
92.68
92.0373
92.029
91.7749
91.7749
91.3956
91.3956
91.1874
91.1874
90.4088
90.2117
90.2117
90.2117
90.1823
89.5444
89.5444
89.5444
89.4177
88.6135
88.6694
88.6694
88.6135
88.1084
88.1084
87.9369
87.4544
87.4544
87.2625
86.7317
86.6676
86.7317
86.6676
86.0188
85.9
85.9
85.9
85.1565
83.972
84.2148
84.1874
83.972
83.7189
83.7189
83.4057
82.7765
82.6227
82.6227
82.3084
81.9789
81.5347
81.5347
81.4065
80.7022
80.1601
80.6927
80.1601
79.6821
79.5349
79.5349
78.7382
78.5016
77.8859
77.8859
77.833
77.833
76.8428
76.4118
76.3317
76.0757
76.0757
75.1684
75.1411
74.1681
74.1001
74.1001
73.2411
73.2411
72.7781
72.1212
71.6325
71.4862
71.4862
70.4702
70.3566
69.691
69.4913
69.4913
68.3293
68.3293
67.4552
67.4476
67.1644
66.2031
66.2031
65.1434
64.6518
64.2807
64.2749
64.2749
63.2237
62.232
62.232
61.1394
60.9523
60.7552
60.7552
60.2792
58.6046
57.8999
57.8999
56.5097
56.3735
55.6487
55.5834
55.5834
54.4477
53.1697
52.1093
52.1093
51.6516
50.7695
49.4932
49.4932
48.1637
46.7038
46.4985
46.4985
45.4659
43.9961
43.4277
43.2261
43.2261
43.2261
42.9919
41.9772
42.9919
42.9919
41.9772
41.238
42.9919
41.238
40.924
41.238
43.1888
41.0541
41.0541
41.2678
41.2678
41.2678
41.3621
43.5719
41.5013
41.5013
41.5426
41.5526
41.5526
41.5526
44.2825
41.5526
41.5526
44.787
44.787
41.9219
42.062
42.062
44.787
42.062
42.062
42.062
42.062
42.062
42.062
44.4283
44.4283
42.5904
42.5904
44.4283
44.4114
42.5904
42.5904
44.4114
44.3804
42.6269
42.6269
44.2905
44.2631
42.6269
42.6269
44.2631
43.8743
42.6269
41.4173
43.8743
43.4932
41.3615
41.3615
43.4932
43.0014
41.3615
41.2996
43.0014
42.8699
41.2996
41.2996
42.5287
42.5287
41.0619
41.0619
42.1445
40.8173
40.8173
40.8173
40.1428
40.1428
39.847
39.847
39.847
39.2696
39.847
39.2696
39.2696
39.2696
38.388
38.388
38.388
38.2678
38.2678
37.7334
38.2678
37.7334
37.7334
37.7334
36.7286
36.7286
36.7161
36.641
36.641
36.1892
35.9361
35.1214
35.1214
35.1214
35.1214
35.0304
35.0304
34.9916
33.7222
33.627
33.4231
33.4374
33.4231
32.7668
32.3821
32.0324
32.0002
31.8485
31.4113
31.1371
30.8176
30.4703
30.2097
30.0844
30.0844
29.4107
28.8265
28.5824
28.5815
27.822
27.822
27.3767
26.8976
26.8828
26.2189
25.3715
24.8935
24.6107
23.9127
23.6315
23.3397
22.635
22.0666
21.7545
21.1349
20.7676
20.3949
19.4937
18.6371
18.5621
17.6456
17.5618
16.5929
15.3871
14.4201
14.2777
13.4096
12.2953
10.9596
10.5219
10.5219
9.5708
8.4241
8.4241
7.40141
5.8789
7.40141
5.8789
5.8789
4.4762
