3.5224
3.51074
3.51032
3.48858
3.44491
3.43497
3.4184
3.39759
3.37927
3.38857
3.37093
3.39163
3.37325
3.35994
3.36866
3.33926
3.36636
3.37102
3.39871
3.38824
3.39302
3.40266
3.37437
3.37479
3.36272
3.38329
3.37854
3.38362
3.38822
3.36865
3.35594
3.34572
3.38005
3.37578
3.37179
3.37911
3.37568
3.38717
3.36465
3.39099
3.37817
3.37525
3.36213
3.37613
3.38914
3.39698
3.39525
3.37731
3.37421
3.39789
3.39376
3.39178
3.41236
3.4303
3.43482
3.42509
3.41739
3.44749
3.42892
3.45083
3.47145
3.46404
3.47529
3.46752
3.47864
3.48655
3.49138
3.50547
3.48683
3.48982
3.51075
3.50979
3.50539
3.50027
3.49941
3.51931
3.51772
3.52906
3.52214
3.52925
3.52723
3.53432
3.53064
3.53607
3.57747
3.51279
3.55218
3.54925
3.53176
3.54994
3.57029
3.57191
3.55992
3.61586
3.64013
3.65473
3.65636
3.69168
3.68398
3.66531
3.6818
3.67013
3.66452
3.65789
3.67559
3.69433
3.68086
3.67796
3.70875
3.71931
3.80823
3.81347
3.7722
3.7648
3.77335
3.79152
3.79295
3.76734
3.77624
3.80668
3.7985
3.80374
3.81669
3.8115
3.80584
3.79745
3.79264
3.78775
3.78406
3.76884
3.78769
3.79376
3.78275
3.77937
3.7835
3.78196
3.77337
3.77312
3.75609
3.78797
3.77403
3.74539
3.7823
3.76429
3.75088
3.74984
3.76217
3.75356
3.73802
3.74337
3.74245
3.71974
3.71905
3.71159
3.70692
3.69061
3.66226
3.63485
3.64936
3.60373
3.59475
3.57901
3.56368
3.52941
3.51436
3.48598
3.46576
3.42879
3.43845
3.41204
3.37859
3.35837
3.34061
3.32752
3.29428
3.27533
3.30047
3.26948
3.24988
3.23005
3.22889
3.22175
3.19351
3.17837
3.182
3.15365
3.13494
3.13037
3.11209
3.08197
3.08937
3.07229
3.04861
3.02683
3.02166
2.99945
2.98779
2.98374
2.96078
2.95784
2.93491
2.91551
2.91021
2.89365
2.87694
2.874
2.84446
2.8199
2.80985
2.79804
2.80411
2.77118
2.75728
2.7575
2.76201
2.73294
2.72127
2.70514
2.7273
2.71344
2.69208
