133.864
132.609
131.334
129.059
126.904
125.344
123.711
119.871
117.842
114.506
112.406
109.454
106.341
103.104
100.348
97.9213
93.6201
89.8031
88.3124
86.06
83.0084
78.5531
74.9782
71.7577
68.087
64.2476
61.5245
58.8252
55.7775
54.1677
51.9202
48.8728
45.7667
43.7314
41.4251
38.6665
36.4153
33.666
32.2869
30.7841
29.9848
28.4327
27.0386
27.0719
25.6114
23.0819
21.7762
20.7189
20.6189
20.2833
20.0398
19.2555
18.9847
17.9742
17.0618
16.3946
16.0629
14.8515
15.6243
14.9135
13.6307
14.4873
13.5557
13.1036
13.1387
12.1799
10.3389
9.69719
9.00189
7.35823
6.67944
5.96907
3.70344
3.98878
3.96039
2.17848
-0.638591
-0.150536
-1.19831
-1.64695
-2.43979
-2.45037
-3.77601
-6.13697
-6.92674
-6.97531
-6.84736
-9.66536
-9.58403
-9.75304
-10.4044
-12.5843
-12.2218
-12.9301
-15.3508
-15.7852
-15.9777
-16.9319
-17.8289
-16.8678
-19.1573
-20.9068
-21.793
-21.5594
-24.4493
-26.7926
-26.9926
-27.8332
-29.6754
-30.5667
-30.5555
-31.4394
-33.7471
-36.3259
-35.2684
-37.8744
-41.7972
-40.7388
-40.3066
-41.9994
-40.7342
-42.197
-43.2402
-46.7665
-46.8269
-48.4209
-49.0601
-51.3349
-49.8649
-50.4607
-50.2642
-52.034
-51.9198
-54.498
-54.4493
-55.0698
-55.8493
-57.3868
-57.3033
-57.5776
-59.0968
-58.3784
-58.899
-57.5668
-61.8715
-66.3891
-67.3535
-67.9738
-68.9812
-70.591
-68.7062
-70.4747
-72.1099
-74.3226
-73.2459
-76.1201
-77.8618
-78.8937
-78.3307
-78.0724
-81.9
-81.9685
-82.6241
-83.1221
-87.24
-87.9913
-88.1273
-88.3373
-91.6946
-93.8363
-93.7705
-90.0395
-90.9545
-92.765
-95.9178
-91.7298
-95.8912
-97.8701
-99.3763
-99.7183
-100.003
-101.67
-103.449
-104.208
-105.675
-107.842
-109.741
-108.169
-111.186
-112.38
-114.609
-111.176
-115.306
-118.294
-116.301
-118.991
-120.351
-122.917
-129.1
-126.662
-126.798
-130.452
-135.495
-132.666
-132.42
-131.356
-135.825
-137.768
-137.994
-136.655
-140.948
-144.054
-142.32
-142.907
-147.733
-151.385
-149.688
-150.935
-156.187
-155.724
-158.226
-160.308
-162.494
-162.514
-164.333
-164.858
-168.476
-169.635
-165.174
-171.773
-174.789
-177.708
-179.291
-178.022
-182.774
-185.678
-191.572
-190.658
-191.184
-195.508
-195.077
-196.389
-196.834
-204.191
-202.589
-202.956
-208.005
-208.952
-214.575
-216.284
-215.157
-217.252
-218.537
-223.767
-228.705
-232.003
-230.233
-232.157
-238.019
-243.393
-243.835
-248.094
-247.267
-247.757
-250.409
-258.433
-261.924
-264.58
-266.135
-272.469
-274.393
-280.403
-280.951
-281.06
-284.285
-286.324
-289.305
-298.354
-306.635
-307.85
-307.352
-309.95
-321.691
-325.301
-328.075
-329
-339.466
-341.469
-341.649
-351.257
-359.214
-368.266
-369.126
-374.948
-384.167
-387.349
-390.004
-395.89
-401.535
-411.078
-411.955
-414.243
-418.262
-419.55
-414.211
-409.178
-414.298
-415.076
-407.802
-402.037
-398.842
-395.357
-381.738
-370.859
-368.757
-357.714
-347.123
-327.575
-309.975
-294.638
-280.367
-262.958
-245.403
-229.552
-208.904
-191.653
-169.94
-160.085
-141.675
-120.998
-107.183
-100.077
-86.4086
-67.4471
-52.4588
-45.609
-32.1246
-20.4688
-10.8102
-9.70321
0.73859
10.4418
18.209
24.9576
20.1094
22.6065
26.7
29.4089
26.0529
27.8531
29.1951
27.3584
22.8229
23.2913
24.9962
15.9661
10.4257
14.5101
17.837
12.8344
4.50811
5.17051
5.67781
1.07881
-3.67319
-2.5533
-2.17809
-7.71489
-12.7605
-15.3611
-15.0291
-16.8211
-20.6007
-22.7388
-22.0135
-25.6425
-33.5669
-33.5162
-37.4766
-36.2466
-43.4683
-45.6442
-40.4499
-44.8093
-53.2488
-55.5578
-54.2276
-53.6198
-62.4933
-64.9427
-64.3929
-66.8433
-72.5468
-76.536
-76.0589
-77.0706
-85.2514
-87.7985
-87.0251
-87.8634
-96.8834
-100.086
-96.5521
-98.2698
-102.383
-106.01
-107.239
-107.7
-111.606
-118.597
-115.428
-115.123
-120.248
-124.82
-123.089
-122.736
-128.33
-130.847
-130.602
-134.056
-135.42
-138.737
-139.813
-139.29
-143.882
-147.668
-149.751
-147.673
-155.392
-159.954
-157.874
-158.989
-161.555
-162.785
-165.117
-163.8
-168.785
-175.382
-177.749
-179.332
-183.656
-190.156
-191.698
-196.176
-200.725
-203.374
-206.206
-212.876
-213.555
-219.132
-226.101
-232.094
-233.296
-238.689
-242.232
-246.799
-252.928
-263.076
-282.251
-291.258
-299.519
-315.075
-320.986
-324
-336.646
-344.033
-350.889
-356.476
-364.732
-372.052
-380.018
-389.071
-401.608
