0
0.079098
0.144316
0.10279
0.0612169
0.292645
0.552118
0.648857
0.719584
0.78291
0.844626
0.935355
1.03316
1.04877
1.05539
1.05575
1.05485
1.1386
1.25953
1.46707
1.72058
1.84181
1.8847
1.90345
1.90372
1.92967
1.97447
2.11127
2.33634
2.51933
2.65896
2.78462
2.89467
3.01928
3.15411
3.27574
3.37293
3.49436
3.66322
3.85572
4.10196
4.3281
4.50003
4.64539
4.70459
4.79402
5.00287
5.21877
5.46563
5.71382
5.96783
6.22297
6.48656
6.73932
6.81556
6.89212
7.06019
7.22746
7.43048
7.63275
7.82254
8.01205
8.26742
8.52933
8.62991
8.70814
8.85505
9.01403
9.24027
9.48066
9.76668
10.0659
10.2168
10.3148
10.3947
10.4669
10.5437
10.6233
10.8193
11.0811
11.2855
11.4725
11.5663
11.59
11.6583
11.7684
11.7981
11.7461
11.8002
11.9811
12.1204
12.2032
12.2684
12.3037
12.2708
12.1158
12.0413
12.1446
12.1777
12.0337
11.9166
11.8806
11.8236
11.6834
11.5283
11.2975
11.0859
10.984
10.8833
10.7901
10.7057
10.7094
10.7065
10.5009
10.2944
9.99067
9.68609
9.59427
9.50939
9.40134
9.29121
9.13495
8.97377
8.68577
8.37724
8.17068
7.98459
7.74935
7.50278
7.39332
7.32602
7.20409
7.06161
6.85015
6.60643
6.36838
6.1339
5.87122
5.59066
5.42356
5.3362
5.17137
4.9422
4.73315
4.54478
4.31316
4.03625
3.84205
3.75181
3.63837
3.49165
3.35926
3.25059
3.09971
2.863
2.61664
2.34546
2.18036
2.15272
2.09225
1.92751
1.75447
1.55209
1.34904
1.14028
0.967031
1.04008
1.07506
0.759898
0.450179
0.241033
0.0379643
