-63.3383 170.867 704.553
-71.995 171.282 706.737
-66.1056 171.499 708.775
-68.2814 169.869 710.801
-73.5734 170.691 712.849
-71.4026 170.277 714.876
-77.1759 170.487 716.907
-68.2445 170.04 718.949
-74.6597 169.493 720.984
-80.5327 169.647 723.02
-73.64 168.853 725.055
-81.9252 170.016 727.092
-82.8643 168.06 729.129
-73.3623 168.103 731.16
-79.3247 168.14 733.201
-72.7835 168.745 735.233
-71.2596 167.611 737.264
-71.5805 166.587 739.302
-76.4555 167.514 741.342
-74.6928 166.626 743.37
-76.8299 167.101 745.413
-75.6166 166.397 747.448
-74.0246 166.421 749.488
-75.9595 165.221 751.349
-74.9274 165.417 753.552
-73.5187 166.037 755.584
-73.9906 164.56 757.625
-74.9435 164.449 759.656
-70.8627 164.26 761.7
-74.5781 164.856 763.73
-69.8903 163.45 765.763
-75.7927 163.502 767.801
-71.3471 163.714 769.834
-70.0682 162.291 771.866
-74.0641 162.569 773.768
-68.2076 162.491 775.943
-72.1056 162.859 777.977
-68.127 160.662 780.007
-66.3862 161.696 782.05
-74.0189 161.662 784.083
-68.6938 160.976 786.113
-69.3598 160.427 788.136
-64.609 159.893 790.197
-69.8651 160.602 792.222
-72.4142 158.664 794.263
-68.773 159.923 796.302
-64.1851 158.451 798.335
-65.2893 158.137 800.36
-64.9807 157.526 802.404
-63.7949 157.936 804.429
-66.2119 158.037 806.476
-63.5951 156.224 808.505
-61.9997 157.12 810.554
-65.8016 155.95 812.576
-66.0454 156.287 814.616
-86.3257 156.267 816.65
-84.5767 157.173 818.689
-75.7895 157.739 820.718
-79.8206 157.456 822.759
-77.1102 158.185 824.797
-82.7956 157.279 826.831
-74.3224 157.463 828.7
-76.3875 156.077 830.903
-69.3932 157.276 832.934
-69.6197 156.043 834.969
-79.3466 155.67 837.004
-67.9817 155.988 839.047
-53.653 158.26 841.073
-50.9765 158.557 843.113
-75.3611 156.285 845.146
-72.1706 158.941 847.189
-61.601 154.662 849.207
-70.0146 155.588 851.258
-43.7711 154.643 853.288
-56.8626 153.434 855.329
-69.4631 154.152 857.354
-68.0076 153.464 859.392
-36.9226 153.351 861.426
-49.4776 154.507 863.463
-47.4349 154.058 865.501
-57.8913 154.168 867.54
-44.1599 152.182 869.564
-53.8526 153.124 871.613
-41.0808 152.067 873.643
-39.1399 151.534 875.533
-49.4376 151.594 877.709
-46.799 151.877 879.757
-56.5686 148.841 881.784
-61.4783 147.694 883.818
-59.8329 147.043 885.713
-27.2121 146.886 887.736
-50.0665 146.829 889.923
-55.3151 145.081 891.961
-46.5127 145.233 893.991
-46.3989 144.824 896.034
-44.3963 143.624 898.062
-42.2115 142.391 900.106
-55.5885 142.006 902.137
-57.9405 142.148 904.177
-52.9367 141.238 906.04
-56.8641 141.445 908.25
-58.122 140.911 910.275
-51.9364 141.47 912.317
-51.1884 140.376 914.348
-53.8543 141.111 916.386
-53.8466 140.103 918.415
-46.6512 140.222 920.461
-63.9516 139.88 922.491
-61.2201 140.159 924.529
-59.9444 140.704 926.558
-59.2053 140.595 928.602
-64.9199 140.736 930.631
-58.0748 139.952 932.667
-64.8828 140.781 934.705
-62.6293 140.471 936.743
-67.2439 140.22 938.772
-62.7275 140.352 940.81
-62.1572 140.031 942.846
-67.4806 140.69 944.882
-63.9851 139.839 946.91
-62.7087 140.375 948.954
-64.1407 139.65 950.982
-66.7148 139.584 952.858
-67.3231 139.866 955.052
-70.3105 139.329 957.098
-67.7538 139.348 959.126
-67.645 138.462 961.164
-69.5091 139.272 963.198
-65.7758 138.685 965.233
-70.1604 138.492 967.261
-71.5013 137.906 969.307
-70.6925 137.855 971.338
-74.7391 138.123 973.376
-71.2119 137.233 975.407
-71.4656 137.948 977.45
-71.5471 136.831 979.475
-73.7882 137.216 981.511
-77.2779 136.672 983.533
-75.5338 137.182 985.588
-76.7077 136.812 987.617
-76.4715 136.072 989.656
-74.6067 137.263 991.692
-76.2185 136.371 993.726
-74.4835 137.409 995.757
-74.2122 136.712 997.794
-74.4794 137.414 999.832
-70.6484 136.888 1001.86
-74.5587 137.32 1003.9
-78.3871 137.888 1005.94
-74.2885 137.64 1007.97
-78.3334 137.951 1010
-72.2486 138.032 1012.04
-78.1611 138.153 1014.08
-69 137.849 1016.1
-75.9063 138.775 1018.15
-71.7979 138.569 1020.18
-72.9781 138.18 1022.22
-79.8148 139.26 1024.25
-79.9856 140.073 1026.29
-77.9777 139.382 1028.32
-77.6179 138.791 1030.19
-75.9587 139.727 1032.39
-75.0411 139.795 1034.43
-74.5583 139.352 1036.46
-73.3811 139.732 1038.5
-72.593 139.653 1040.53
-71.2345 140.254 1042.57
-71.7113 138.672 1044.59
-70.2386 141.439 1046.64
-69.7326 141.031 1048.67
-68.7398 141.206 1050.71
-67.6343 141.518 1052.74
-67.6056 140.54 1054.78
-66.3504 141.036 1056.81
-66.3211 140.058 1058.85
-64.9044 140.755 1060.88
-63.9614 140.882 1062.92
-63.3276 140.637 1064.95
-63.002 140.018 1066.99
-83.7033 140.421 1069.03
-61.1607 140.232 1071.06
-85.6494 140.26 1073.09
-59.4603 140.282 1075.14
-59.4369 141.326 1077.02
-58.255 141.762 1079.2
-57.7963 141.311 1081.23
-56.8276 141.49 1083.28
-88.6723 141.622 1085.3
-55.2418 141.421 1087.34
-86.299 141.813 1089.38
-89.7796 142.34 1091.41
-94.2718 142.795 1093.44
-96.1919 143.459 1095.48
-90.3013 143.107 1097.52
-92.416 143.751 1099.55
-97.0871 144.206 1101.59
-97.8243 144.966 1103.63
-98.7813 145.711 1105.65
-100.77 146.383 1107.53
-96.9309 145.848 1109.72
-98.5573 146.544 1111.76
-100.909 147.193 1113.79
-100.849 148.016 1115.84
-102.657 148.71 1117.87
-102.504 149.541 1119.9
-98.8655 148.973 1121.93
-100.177 149.701 1123.98
-101.6 150.423 1126.01
-100.969 151.285 1128.04
-102.517 152.003 1130.08
-96.1215 151.606 1132.12
-88.4771 151.306 1134.14
-75.6889 152.919 1136.19
-79.9075 154.636 1138.21
