93.8004
93.8004
93.8004
93.8004
93.8004
93.0104
93.9804
93.0104
93.9804
93.0104
94.2084
93.0194
94.4404
94.0474
94.9684
94.0474
95.3764
94.0474
95.3764
94.0474
96.0524
94.0474
96.1394
94.9314
96.5474
95.9654
96.7074
95.9654
97.5364
95.9654
97.6424
95.9654
97.6424
96.8624
98.6114
96.8624
98.6624
96.8624
98.6624
96.8624
98.8504
97.8214
99.0174
97.8224
99.1804
97.8224
99.8934
97.8224
99.9674
97.8224
99.9674
97.8224
100.707
97.7454
100.707
97.7194
100.707
98.5364
100.796
98.5364
100.723
98.5364
100.723
98.5364
100.723
98.5364
100.723
98.4924
100.723
98.4834
100.867
98.4004
100.867
98.2954
100.867
98.2954
100.931
99.1064
100.931
99.1064
101.084
100.035
101.084
100.035
101.084
100.035
101.143
100.035
101.143
100.035
101.423
100.032
101.974
100.685
102.09
100.685
102.816
100.685
102.816
100.685
102.816
100.685
102.816
100.681
102.907
100.528
102.907
100.528
102.301
100.412
101.321
100.328
101.321
101.321
101.321
101.258
101.321
101.258
101.321
101.489
101.489
101.258
101.258
101.258
100.852
100.852
100.852
100.095
100.095
100.095
100.027
100.027
100.027
99.0934
99.0934
99.0934
98.6594
98.6594
98.6594
98.6494
98.6494
98.6494
97.8714
97.0644
97.0644
97.0644
96.5194
96.5194
96.5184
96.2824
96.2824
95.9254
95.4554
95.4554
95.0944
94.5194
94.5194
94.5194
94.2534
93.4404
93.4404
92.9544
92.9544
92.9544
91.9384
91.7554
91.7554
91.7554
91.3314
91.3314
90.6524
89.8364
89.8364
89.3834
89.2634
88.8404
88.1364
88.1364
87.5764
87.5764
87.2904
86.3174
86.0774
86.0774
85.7284
85.7284
85.1574
85.1374
83.7804
83.6114
83.6114
82.4384
82.4384
82.3494
81.6944
80.6114
80.6114
80.3034
79.6874
79.3914
79.3914
78.0624
78.0304
78.0304
76.7694
76.0894
75.2874
75.2874
74.7574
74.5884
74.5884
73.1534
72.3474
71.9464
71.5344
70.2594
69.6824
69.6824
68.7594
67.4424
67.0224
67.0224
66.0604
64.9054
63.5584
63.4844
62.6474
60.4534
60.0324
59.2194
58.3544
57.2064
56.8084
55.0734
52.2654
51.8404
51.4034
48.6764
46.7934
46.4114
44.8997
44.8997
44.8997
44.8997
44.614
44.8997
45.1169
45.1169
45.371
45.9658
46.5882
46.5882
46.7314
46.7314
47.1184
47.2314
47.2314
47.5234
47.7064
47.7064
47.7144
47.7144
47.7144
47.7144
47.7144
47.7144
47.7144
47.7144
47.7144
47.1644
47.1644
47.1644
47.3064
47.2504
47.2504
47.0844
47.0724
47.0724
47.0724
46.9224
46.8844
46.7384
46.3412
45.9836
45.4415
45.1947
44.7256
44.4236
44.2936
43.925
43.7239
42.6263
42.5538
41.9207
41.3366
41.2761
40.8011
39.6376
39.4577
37.8689
37.733
37.2732
36.0005
35.8169
34.7877
33.7443
33.0849
32.1432
30.1581
28.7851
28.4994
27.2693
25.2887
24.8061
23.7103
22.0592
19.8474
19.8206
17.0384
16.0334
12.7396
12.5405
10.4769
10.235
8.2821
6.9916
6.0924
6.0924
6.0924
3.7443
3.7443
2.4466
