3.2973
3.26927
3.25712
3.23369
3.22505
3.25064
3.23768
3.2498
3.22857
3.26344
3.25641
3.28441
3.28495
3.27406
3.28728
3.27956
3.2715
3.26308
3.28124
3.26843
3.297
3.29241
3.31899
3.35554
3.35201
3.39889
3.38518
3.43303
3.43224
3.47817
3.50389
3.52042
3.52537
3.53982
3.54644
3.58145
3.57163
3.5539
3.57893
3.59659
3.60771
3.59388
3.59845
3.62635
3.63482
3.65723
3.64808
3.68689
3.68616
3.69224
3.7178
3.74259
3.72239
3.71831
3.80584
3.81228
3.79334
3.77661
3.74336
3.77673
3.7678
3.76427
3.78799
3.73861
3.74831
3.78706
3.79791
3.78094
3.75937
3.75186
3.736
3.73424
3.67372
3.69366
3.71892
3.70081
3.69055
3.69544
3.71029
3.71159
3.72539
3.75229
3.75764
3.77246
3.74856
3.75182
3.7147
3.70477
3.73664
3.75529
3.72465
3.76543
3.80528
3.81048
3.81923
3.8256
3.81737
3.8735
3.85883
3.85135
3.84286
3.85785
3.86157
3.89002
3.91819
3.95954
3.94969
3.94266
3.98403
4.02608
4.01017
4.03094
4.1172
4.08898
4.10019
4.10794
4.17216
4.13961
4.16028
4.15375
4.14837
4.16156
4.14531
4.15947
4.14998
4.17383
4.16136
4.16219
4.15574
4.16111
4.1752
4.16993
4.1558
4.17828
4.17891
4.15277
4.15343
4.17044
4.16208
4.15359
4.15262
4.11828
4.11776
4.12814
4.1123
4.09706
4.08498
4.05719
4.01571
4.00715
3.96652
3.95802
3.91729
3.90363
3.87351
3.85174
3.83206
3.78867
3.78481
3.77342
3.71868
3.70527
3.69331
3.68211
3.63677
3.61974
3.6157
3.55799
3.54506
3.52696
3.50796
3.47964
3.43314
3.41549
3.39991
3.37235
3.34197
3.35078
3.32041
3.29867
3.30453
3.27359
3.27239
3.21257
3.19084
3.16749
3.14988
3.11288
3.09188
3.0511
3.02715
3.00936
2.96326
2.95066
2.91064
2.89733
2.8663
2.86206
2.8069
2.81455
2.79184
2.77983
2.77574
2.74666
2.71936
2.7151
2.67632
2.67965
2.65725
2.66856
2.63818
2.62789
2.61578
2.60067
2.58727
2.56117
