-76.9819 -134.659 704.553
-73.0048 -134.069 706.737
-70.2075 -134.027 708.775
-75.3451 -134.053 710.801
-75.0545 -134.852 712.849
-69.7082 -133.097 714.876
-75.7871 -133.238 716.907
-74.2462 -132.856 718.949
-78.5873 -132.951 720.984
-71.6357 -132.897 723.02
-73.1828 -133.505 725.055
-78.4764 -132.189 727.092
-75.1905 -131.759 729.129
-70.6467 -131.47 731.16
-75.3385 -131.744 733.201
-75.6668 -130.938 735.233
-56.9893 -131.035 737.264
-76.6607 -130.833 739.302
-60.2002 -130.773 741.342
-59.9381 -130.121 743.37
-61.7392 -130.742 745.413
-64.8884 -129.611 747.448
-65.8557 -129.349 749.488
-63.4299 -129.522 751.349
-71.986 -129.028 753.552
-65.542 -128.759 755.584
-68.1311 -128.391 757.625
-67.2496 -128.535 759.656
-71.6229 -127.534 761.7
-66.7511 -127.182 763.73
-65.7639 -127.468 765.763
-68.9221 -126.363 767.801
-68.3869 -126.055 769.834
-67.9892 -125.567 771.866
-70.2088 -125.699 773.768
-71.7588 -124.699 775.943
-64.82 -124.68 777.977
-70.3092 -124.562 780.007
-63.6541 -124.198 782.05
-69.2902 -123.87 784.083
-67.1836 -123.593 786.113
-84.4935 -123.503 788.136
-67.9393 -122.601 790.197
-61.0905 -122.533 792.222
-62.072 -122.239 794.263
-64.7263 -121.76 796.302
-63.0085 -120.987 798.335
-65.2472 -121.068 800.36
-60.5573 -120.183 802.404
-63.2122 -119.691 804.429
-63.8248 -119.896 806.476
-61.7387 -119.617 808.505
-62.7983 -119.22 810.554
-59.2727 -118.837 812.576
-60.2253 -118.575 814.616
-64.4912 -117.977 816.65
-62.5326 -117.518 818.689
-61.9256 -117.306 820.718
-62.8588 -117.079 822.759
-63.8025 -116.84 824.797
-63.5063 -116.205 826.831
-55.3008 -115.992 828.7
-65.5519 -115.522 830.903
-64.8011 -115.496 832.934
-64.5435 -114.806 834.969
-59.1022 -114.925 837.004
-63.1998 -114.545 839.047
-62.7063 -114.174 841.073
-78.8035 -114.562 843.113
-81.2022 -114.787 845.146
-84.5529 -115.957 847.189
-69.3269 -115.651 849.207
-76.6179 -117.005 851.258
-75.2736 -116.555 853.288
-61.538 -116.797 855.329
-60.9879 -116.508 857.354
-74.3885 -116.881 859.392
-63.114 -115.699 861.426
-70.7325 -115.306 863.463
-69.098 -114.911 865.501
-68.1104 -114.363 867.54
-63.0716 -113.678 869.564
-61.7207 -112.385 871.613
-60.1941 -111.334 873.643
-81.906 -112.074 875.533
-81.4217 -111.435 877.709
-80.0048 -112.519 879.757
-77.137 -112.432 881.784
-70.2492 -113.389 883.818
-75.0566 -110.453 885.713
-73.1695 -110.112 887.736
-72.1326 -109.576 889.923
-72.4049 -108.744 891.961
-63.7097 -108.352 893.991
-62.6687 -107.801 896.034
-53.181 -106.292 898.062
-50.6041 -105.56 900.106
-76.217 -105.069 902.137
-70.3179 -104.899 904.177
-72.6158 -104.344 906.04
-70.0481 -104.142 908.25
-68.3406 -103.749 910.275
-59.6194 -106.843 912.317
-62.925 -102.29 914.348
-60.0202 -102.121 916.386
-50.6535 -101.284 918.415
-48.7748 -100.745 920.461
-52.5575 -101.319 922.491
-60.4077 -98.9184 924.529
-56.101 -97.7978 926.558
-52.5863 -97.392 928.602
-63.1081 -96.0351 930.631
-65.5937 -94.3812 932.667
-68.9031 -94.4763 934.705
-67.1124 -94.0756 936.743
-68.6926 -94.5189 938.772
-55.4402 -91.0327 940.81
-50.3453 -90.704 942.846
-59.0027 -90.3151 944.882
-55.1345 -90.3645 946.91
-54.6064 -90.0205 948.954
-54.0686 -89.6909 950.982
-56.2803 -89.8085 952.858
-59.0615 -89.1164 955.052
-55.6171 -88.5408 957.098
-58.1151 -88.2551 959.126
-60.7427 -87.8024 961.164
-58.6371 -87.496 963.198
-58.5094 -86.5598 965.233
-59.2224 -86.6449 967.261
-57.4031 -85.926 969.307
-55.4717 -85.3789 971.338
-59.285 -85.4294 973.376
-63.7134 -84.6381 975.407
-63.197 -84.2579 977.45
-59.8037 -83.544 979.475
-57.4576 -83.5863 981.511
-63.2035 -83.1209 983.533
-75.8562 -83.2987 985.588
-58.9095 -82.5872 987.617
-66.181 -82.213 989.656
-59.1192 -82.2794 991.692
-58.4894 -82.0686 993.726
-62.2125 -82.2969 995.757
-58.4964 -82.0582 997.794
-62.3663 -82.0731 999.832
-66.0959 -82.3354 1001.86
-62.2253 -82.2782 1003.9
-62.8967 -82.4351 1005.94
-74.413 -83.1012 1007.97
-63.9548 -83.1634 1010
-60.1679 -83.0119 1012.04
-63.9388 -83.1865 1014.08
-64.338 -83.738 1016.1
-77.384 -84.5099 1018.15
-64.06 -84.1387 1020.18
-62.6342 -85.0707 1022.22
-80.2191 -84.7181 1024.25
-66.011 -84.7083 1026.29
-66.4012 -85.2716 1028.32
-66.9927 -85.5474 1030.19
-80.3372 -86.1872 1032.39
-66.9759 -85.5714 1034.43
-64.0849 -86.3474 1036.46
-63.4959 -86.0735 1038.5
-70.6649 -85.9291 1040.53
-68.0139 -86.3305 1042.57
-71.7959 -86.5661 1044.59
-67.8295 -86.5919 1046.64
-60.8397 -86.5426 1048.67
-65.7307 -87.3453 1050.71
-64.962 -87.3266 1052.74
-68.8604 -87.3604 1054.78
-63.0388 -87.8478 1056.81
-73.2482 -87.865 1058.85
-70.5535 -88.3083 1060.88
-88.8471 -88.2285 1062.92
-63.8888 -88.8589 1064.95
-70.955 -88.8529 1066.99
-68.2604 -89.316 1069.03
-77.9986 -90.1249 1071.06
-77.1322 -90.214 1073.09
-75.6178 -91.1957 1075.14
-74.871 -91.1267 1077.02
-73.1729 -92.3722 1079.2
-72.2681 -92.5279 1081.23
-70.4606 -93.9375 1083.28
-69.753 -93.8271 1085.3
-68.9348 -91.6791 1087.34
-67.8124 -92.1516 1089.38
-66.5684 -92.7991 1091.41
-64.4663 -94.6598 1093.44
-63.8779 -94.394 1095.48
-62.0305 -95.9101 1097.52
-104.792 -93.7002 1099.55
-104.134 -94.5624 1101.59
-103.65 -95.389 1103.63
-85.5301 -96.9359 1105.65
-103.956 -95.3232 1107.53
-105.312 -95.7529 1109.72
-105.214 -96.4959 1111.76
-105.182 -97.2248 1113.79
-96.879 -97.5943 1115.84
-107.733 -98.1062 1117.87
-98.407 -98.9686 1119.9
-99.6718 -99.5846 1121.93
-104.691 -99.6563 1123.98
-97.6247 -101.486 1126.01
-96.9772 -100.78 1128.04
-100.708 -101.04 1130.08
-96.2175 -102.488 1132.12
-101.11 -102.591 1134.14
-87.5364 -105.31 1136.19
-106.392 -104.179 1138.21
-106.225 -104.941 1140.25
-105.002 -105.949 1142.28
