83.744
83.916
84.205
83.9249
82.3779
81.5039
80.5229
77.8009
76.0869
73.4679
72.853
70.889
69.061
67.642
65.782
63.815
61.929
60.494
59.283
57.211
55.443
53.125
49.795
47.009
44.0011
41.257
37.7051
35.7671
33.1961
30.6611
29.4621
27.7231
26.2241
24.5291
22.911
22.2771
21.399
19.931
18.459
18.0641
16.8831
16.8591
16.4281
15.97
15.514
16.481
17.846
18.683
20.322
21.609
22.947
25.12
26.475
28.425
29.715
30.238
31.543
33.776
34.487
35.066
36.002
38.037
38.302
37.114
37.095
34.258
33.996
32.084
29.751
26.128
22.973
24.847
18.266
17.759
15.968
10.495
7.20898
6.41098
-0.539017
-0.473022
-3.47202
-9.40001
-13.906
-14.61
-24.358
-26.423
-27.761
-33.198
-35.442
-33.961
-40.261
-39.143
-38.697
-41.254
-48.066
-47.62
-54.047
-58.84
-59.694
-62.867
-68.043
-67.027
-73.89
-76.59
-78.667
-75.996
-85.404
-83.705
-83.05
-90.502
-92.364
-89.437
-100.975
-99.893
-100.528
-109.449
-112.503
-110.428
-116.543
-119.024
-114.661
-119.573
-122.884
-120.108
-121.4
-122.33
-125.291
-127.159
-137.845
-136.734
-133.081
-139.627
-142.837
-139.463
-150.826
-148.325
-144.132
-152.022
-150.399
-150.134
-156.595
-157.99
-153.301
-160.271
-160.24
-161.525
-168.354
-171.22
-174.247
-180.677
-176.878
-174.888
-177.39
-183.768
-187.568
-184.468
-190.834
-188.674
-186.211
-199.028
-201.659
-203.813
-211.019
-209.34
-208.262
-212.227
-221.763
-224.424
-228.047
-227.044
-234.785
-237.982
-238.916
-243.278
-250.842
-254.487
-253.868
-258.119
-267.902
-275.24
-276.945
-286.725
-292.977
-294.403
-301.163
-304.126
-314.118
-327.396
-340.277
-346.263
-351.696
-366.192
-381.909
-389.915
-399.675
-415.763
-435.351
-444.285
-450.701
-464.689
-472.517
-473.253
-472.824
-477.983
-478.966
-477.372
-475.614
-471.286
-466.049
-464.633
-448.597
-436.572
-421.616
-407.86
-387.384
-363.156
-338.008
-317.858
-284.991
-249.588
-219.467
-196.257
-170.61
-148.579
-125.969
-108.343
-90.7351
-74.7489
-55.0402
-41.7035
-27.9065
-16.1915
-2.5188
8.3479
14.3335
23.8599
26.5529
29.4091
28.8852
25.8344
24.305
20.5353
9.5243
0.766991
-5.15511
-12.1362
-18.1833
-23.8544
-32.3298
-39.5832
-44.21
-52.0648
-63.0342
-72.8247
-82.4171
-91.9433
-105.853
-115.063
-129.357
-141.646
-151.23
-165.128
-177.898
-190.608
-208.111
-220.614
-235.26
-252.556
-267.137
-282.915
-302.492
-320.825
-343.006
-360.265
-383.423
-407.961
-435.965
-448.227
-463.243
-478.784
-495.435
-513.208
-532.293
-551.809
-568.758
-585.075
