-94
-93
-93
-92
-89
-86
-82
-77
-72
-67
-61
-54
-47
-41
-36
-31
-26
-21
-16
-11
-6
-1
4
9
14
19
23
27
31
35
38
40
42
44
46
48
50
52
55
58
61
64
68
71
71
69
67
64
61
58
55
51
47
44
42
40
38
36
34
33
32
31
30
29
28
27
26
25
24
23
22
22
22
22
22
22
22
22
22
21
20
20
20
20
21
24
27
30
33
36
39
42
45
48
50
52
54
56
58
59
59
59
59
59
59
58
57
56
55
54
53
52
51
50
49
48
47
46
45
44
43
41
38
35
32
29
26
23
20
17
14
11
8
4
0
-4
-8
-12
-16
-20
-23
-26
-29
-32
-35
-37
-38
-39
-40
-41
-42
-43
-44
-45
-46
-47
-48
-49
-50
-51
-52
-53
-53
-53
-53
-53
-53
-53
-53
-53
-53
-53
-53
-52
-50
-48
-46
-44
-42
-40
-38
-36
-34
-32
-30
-28
-27
-26
-25
-24
-23
-22
-21
-20
-19
-18
-17
-16
-15
-14
-13
-12
-11
-10
-9
-8
-7
-6
-5
-4
-3
-2
-1
0
0
0
0
0
0
0
0
0
0
0
0
0
0
0
0
0
0
0
0
0
0
0
0
0
0
0
1
2
3
4
5
6
7
8
9
10
11
12
13
14
15
16
17
18
19
21
23
25
27
29
31
33
35
37
39
41
43
45
47
49
51
53
55
57
59
61
62
62
62
62
62
62
62
62
62
62
62
62
62
61
60
59
58
57
56
54
51
48
45
42
39
35
31
27
23
19
15
11
7
3
-1
-5
-9
-13
-18
-23
-28
-31
-34
-37
-40
-43
-47
-51
-55
-59
-64
-69
-74
-78
-81
-84
-87
-90
-93
-96
-98
-100
-102
-104
-106
-107
-107
-107
-107
-107
-106
-105
-104
-103
-102
-101
-100
-99
-98
-96
