50.611
49.1063
47.9524
44.0651
41.3474
39.7699
36.1332
33.3095
31.0882
27.6976
25.6246
23.8696
20.394
17.2228
15.0504
12.7429
9.48421
8.3779
6.2715
5.02361
2.73181
0.122306
-3.1775
-3.8913
-5.9257
-6.9348
-6.9444
-8.5075
-9.9747
-9.9422
-10.8477
-11.3823
-11.7538
-13.7049
-15.6209
-15.4893
-16.8989
-18.4538
-18.8827
-19.6041
-20.1682
-21.4187
-22.0785
-22.9608
-22.7206
-22.5858
-23.5112
-24.3864
-24.9199
-25.9195
-26.3895
-25.9949
-26.6176
-28.105
-27.3947
-27.2864
-26.6065
-25.3785
-24.7549
-25.6226
-23.1838
-23.1492
-24.8033
-23.1535
-23.0131
-23.8838
-21.2906
-22.0163
-23.3531
-21.5009
-21.3438
-22.6044
-20.2226
-21.1873
-22.3987
-19.8501
-20.4276
-22.1136
-20.0675
-21.8014
-23.5126
-21.1197
-21.174
-23.471
-21.0833
-21.0751
-24.1085
-22.168
-22.5872
-25.6347
-23.371
-23.4701
-26.4594
-24.5183
-25.046
-27.6066
-25.4853
-26.3456
-27.6661
-27.5445
-27.7372
-29.8447
-29.4951
-30.0728
-31.9707
-30.2676
-32.3118
-34.5428
-30.7798
-30.5428
-33.6303
-30.8433
-30.5139
-33.9609
-32.0448
-29.9233
-33.7692
-31.4223
-31.8671
-33.2399
-34.3903
-34.1625
-34.7774
-33.2256
-33.706
-33.6038
-34.0206
-34.841
-36.8169
-34.7385
-36.7303
-38.7037
-38.7864
-39.3544
-40.9264
-39.4942
-40.5257
-44.6002
-44.5022
-42.6796
-46.4319
-46.7451
-46.669
-47.3099
-48.6242
-49.767
-53.0162
-53.0663
-53.7097
-56.6629
-56.5002
-56.9595
-56.5086
-58.8948
-59.8779
-60.0143
-60.5543
-64.5275
-65.0798
-64.0141
-62.2137
-67.8399
-67.9147
-67.3587
-66.5973
-68.5831
-68.5829
-70.3152
-68.2597
-69.0337
-72.6428
-72.3912
-72.3142
-75.1768
-76.9856
-77.8312
-77.7902
-80.2257
-81.0754
-79.8801
-80.3845
-83.5722
-84.8854
-84.6535
-84.9692
-87.8971
-90.4418
-90.6994
-94.0314
-94.3139
-95.5112
-101.297
-100.146
-98.3713
-99.6114
-101.187
-103.559
-103.459
-104.549
-106.777
-109.8
-112.248
-114.297
-116.732
-118.493
-120.676
-122.69
-124.74
-125.709
-126.754
-132.006
-132.112
-134.489
-134.402
-133.898
-140.344
-143.374
-145.727
-145.836
-150.835
-154.095
-156.026
-158.785
-159.516
-161.571
-163.007
-164.094
-168.478
-170.414
-172.738
-176.4
-179.798
-178.858
-179.691
-185
-186.579
-191.308
-191.909
-191.853
-194.158
-199.919
-199.367
-199.002
-203.931
-206.097
-205.573
-208.676
-212.071
-217.105
-217.939
-218.366
-224.365
-227.355
-225.797
-231.708
-237.45
-237.711
-241.456
-241.435
-242.505
-246.937
-245.106
-243.346
-240.474
-237.129
-230.427
-224.123
-220.408
-214.706
-203.731
-193.852
-183.133
-171.4
-156.419
-140.86
-127.777
-110.807
-93.4264
-73.9881
-56.1422
-38.8606
-22.2463
-1.4947
13.2725
27.5861
43.2456
54.4378
63.3187
75.6498
87.8279
96.8852
103.332
109.085
114.81
116.374
119.739
122.959
122.54
124.182
121.87
118.997
115.417
111.736
109.669
101.476
96.9129
95.1964
90.5051
83.3471
81.8116
77.8682
69.0934
65.3241
61.8382
61.0069
55.6476
53.0141
51.1977
46.3258
40.5299
37.5511
34.7276
32.1136
30.8223
26.5125
21.2557
21.5241
20.9995
16.3725
13.0494
13.054
12.4265
8.5304
7.9567
6.8618
3.9084
0.876896
-1.50741
-3.76181
-5.42411
-7.92901
-9.71911
-10.6145
-12.8874
-16.6439
-19.8868
-22.8507
-23.4924
-25.5572
-29.0451
-32.0818
-35.1224
-36.5995
-41.6659
-43.9399
-45.4211
-49.9018
-51.4884
-55.5473
-57.2481
-59.0658
-61.9743
-66.7946
-67.6963
-71.6231
-75.7987
-77.1592
-80.2619
-81.8133
-83.9076
-88.4098
-93.236
-94.0967
-97.1802
-101.715
-103.721
-108.84
-113.399
-114.902
-119.058
-122.685
-125.404
-131.671
-137.442
-140.708
-145.808
-150.965
-155.479
-161.59
-166
-172.075
-178.557
-182.938
-187.944
-194.988
-201.777
-207.406
-213.827
-220.07
-233.458
-239.349
-246.365
-252.851
-264.805
-271.563
-275.763
-281.008
-287.062
-292.985
-299.417
-304.662
