0  0.0057893  0  834.969
0  0.0060799  1  832.934
0  0.00596306  1  826.831
0  0.00642357  3  820.718
0  0.00629685  3  818.689
0  0.00639983  3  812.576
0  0.0060359  3  810.554
0  0.00629289  3  808.505
0  0.00612262  3  806.476
0  0.00629029  3  804.429
0  0.00575997  3  802.404
0  0.00612585  3  800.36
0  0.005915  3  798.335
0  0.00620387  3  796.302
0  0.00549264  3  794.263
0  0.0057719  3  792.222
0  0.00596573  3  790.197
0  0.00596322  3  788.136
0  0.0058723  3  786.113
0  0.00564483  3  784.083
0  0.00575737  3  782.05
0  0.005899  3  780.007
0  0.0052907  3  777.977
0  0.0057965  3  775.943
0  0.00585051  3  773.768
0  0.00562107  3  771.866
0  0.00684471  26  769.834
0  0.00575772  26  767.801
0  0.00585523  26  765.763
0  0.00602476  26  763.73
0  0.00584549  26  761.7
0  0.00606393  26  759.656
0  0.00594814  26  757.625
0  0.00585934  26  755.584
0  0.00591478  26  753.552
0  0.00570509  26  751.349
0  0.00617199  26  749.488
0  0.00577684  26  747.448
0  0.0059379  26  745.413
0  0.00719852  39  743.37
0  0.00720571  40  741.342
0  0.0123318  41  739.302
0  0.0176281  42  737.264
0  0.0360398  43  735.233
0  0.0584997  44  733.201
0  0.053037  44  731.16
0  0.0575987  44  729.129
0  0.0531025  44  727.092
0  0.0574719  44  725.055
0  0.0559498  44  723.02
0  0.0518822  44  720.984
0  0.0512571  44  718.949
0  0.0498991  44  716.907
0  0.0642809  53  714.876
0  0.0678181  54  712.849
0  0.0752842  55  710.801
0  0.0677758  55  708.775
0  0.07605  57  706.737
1  0.0699684  57  704.553
1  0.0894702  59  702.661
