65.4591
65.5015
65.5015
65.5617
65.5617
65.6328
65.7485
65.8436
66.1305
66.2713
66.3539
66.486
66.5863
66.5865
66.782
67.0051
67.336
67.3987
67.4747
67.5191
67.6293
67.866
67.907
67.9692
68.1966
68.1966
68.3334
68.4588
68.4588
68.6105
68.6105
68.6105
68.6429
68.6429
68.6429
68.7508
68.7508
68.7508
68.8177
68.8177
68.8177
68.8821
68.8821
68.8821
69.0861
69.096
69.096
68.9939
68.8821
68.8821
68.9317
68.9317
68.9317
68.7789
68.4424
68.7789
68.4424
68.372
68.7254
68.372
68.3535
68.372
68.3535
68.2686
68.2686
68.3535
68.3535
68.3535
68.2452
68.2435
68.2435
68.2435
68.184
68.0249
67.6387
67.5772
67.5001
67.4915
67.4281
67.4281
67.4281
67.4281
67.4281
67.4281
67.0751
67.0751
67.0041
67.0041
67.0041
66.9409
66.9409
66.9409
66.9409
66.9409
66.9409
66.8562
66.6897
66.6897
66.6897
66.6897
66.6897
66.6277
66.6277
66.6277
66.4943
66.1879
66.1879
66.0868
66.0868
66.0868
66.0868
66.0868
66.0868
66.0238
66.0238
66.0238
65.6556
65.6556
65.6556
65.4636
65.4636
65.4636
65.4318
65.4318
65.4318
65.1315
65.1315
65.1315
65.1299
65.1299
65.1299
65.0613
65.0613
65.0613
65.0613
65.0613
65.0613
64.7014
64.8443
64.7014
64.7014
64.7014
64.5707
64.4324
64.5707
64.4324
64.1663
63.7759
64.1663
63.7759
63.7759
64.1663
63.7759
63.4576
63.4192
63.4576
63.4192
63.2953
63.2899
63.2953
63.2899
62.9508
63.0006
63.0006
62.9508
62.9508
62.7955
62.7955
62.7092
62.7092
62.286
62.286
61.9513
61.9513
61.9513
61.8582
61.484
61.484
61.0643
61.0643
60.9255
60.9255
60.7743
60.6621
60.6621
60.6621
60.3332
60.3332
60.0057
60.0057
59.9394
59.4639
59.9394
59.4639
59.3533
59.3533
58.9692
58.6753
58.6753
58.6524
58.4844
58.1289
58.1289
58.0527
58.0527
57.574
57.574
57.3878
56.9352
56.4639
56.4639
56.3092
56.1764
55.6642
56.0777
55.6642
55.2182
55.0416
55.0416
55.0416
54.6557
54.6557
54.4496
54.2177
53.5067
53.5067
53.4913
53.2269
52.9133
52.9133
52.4272
51.8592
51.3489
51.3942
51.3489
51.2159
50.6332
50.7351
50.3419
50.0165
50.0165
49.8267
48.6883
48.5079
48.5079
48.3092
48.1272
47.2891
47.2891
46.9835
46.9269
46.3628
46.3628
45.451
44.5794
44.5762
44.5762
44.5219
43.4879
43.4879
42.6138
42.4794
42.2609
41.7559
41.6478
40.7576
40.5445
39.8003
39.8003
39.3649
38.7733
38.7733
37.893
37.5208
37.1135
37.0221
37.0221
36.1732
35.1063
35.1063
34.5159
33.9048
33.4547
33.4547
32.6891
31.5654
31.0969
30.7556
30.7547
29.6911
29.1523
28.6408
28.3153
27.6388
26.9859
26.9431
25.3566
25.3109
25.3109
24.1152
24.1152
24.1152
23.9764
24.1152
24.1152
24.1781
24.5638
24.5638
25.1586
25.3898
25.3898
26.6548
27.0356
27.0356
27.0356
27.0641
27.5869
27.9845
27.9845
28.7525
28.7525
28.7525
29.8674
29.8674
29.8674
30.2593
30.607
30.3999
30.607
32.2054
30.7565
30.7565
30.9083
31.1004
31.0085
31.1004
32.9012
31.4773
31.4773
32.0644
32.0644
32.0644
33.0883
33.0883
32.481
32.481
32.481
32.481
32.481
32.481
32.481
32.481
32.613
32.7891
32.7891
32.7891
32.7891
32.7891
32.8206
32.7891
32.7891
32.7891
32.8206
32.7481
32.8206
32.7481
32.7481
32.7481
32.6601
32.6601
32.6601
32.524
32.5019
32.5019
32.5019
32.3643
32.3643
32.0527
32.0211
32.0211
31.4487
31.5875
31.5875
31.5875
31.5875
31.326
31.326
31.4179
31.326
30.747
30.655
30.4908
30.4908
30.3458
30.1627
30.1627
29.6502
29.1349
29.1056
28.9338
28.8289
28.2783
28.1936
28.0067
27.694
27.694
27.5975
27.2377
26.6555
26.365
26.2522
26.092
26.0699
25.3949
24.8227
24.8072
23.8177
23.7371
23.6095
23.4016
22.7481
21.9496
21.5321
21.3389
21.022
20.1794
19.3482
19.075
18.7421
18.0902
17.8267
16.7637
16.2187
16.1811
15.5
15.0117
14.4191
13.5517
12.6203
11.3718
11.0895
10.4279
9.7014
9.6688
8.2713
7.1344
6.0303
4.8381
4.8381
4.802
3.8598
3.8598
3.8598
3.8598
2.3961
