3.42625
3.45652
3.48093
3.50912
3.48069
3.46185
3.46195
3.47301
3.504
3.53341
3.53368
3.5607
3.56112
3.55125
3.56594
3.57858
3.5817
3.58038
3.5698
3.53219
3.55592
3.52846
3.54297
3.52418
3.55295
3.54269
3.55085
3.53686
3.54087
3.56296
3.54694
3.55221
3.57144
3.55453
3.56554
3.56511
3.58275
3.5834
3.59609
3.58512
3.58705
3.59503
3.60569
3.62017
3.61342
3.6309
3.63217
3.6192
3.6598
3.63807
3.68022
3.6809
3.69069
3.68748
3.71583
3.67909
3.72062
3.68428
3.73824
3.73575
3.74196
3.754
3.77208
3.76701
3.75182
3.71852
3.69199
3.64838
3.67837
3.68909
3.69389
3.67099
3.65736
3.66119
3.65642
3.64106
3.64393
3.64597
3.66426
3.67623
3.68821
3.68414
3.70442
3.69726
3.73535
3.68837
3.72627
3.71766
3.7181
3.77436
3.72625
3.7615
3.82358
3.79491
3.79754
3.84201
3.81694
3.84231
3.85207
3.81364
3.812
3.80698
3.78007
3.78141
3.85809
3.79553
3.78585
3.79732
3.79577
3.76552
3.7695
3.77962
3.73402
3.74651
3.74318
3.7304
3.78631
3.72827
3.71057
3.69278
3.72081
3.70213
3.68555
3.68668
3.67551
3.66799
3.66698
3.66363
3.66331
3.65472
3.64666
3.65272
3.66099
3.62365
3.6283
3.60834
3.62207
3.58884
3.59453
3.57007
3.5718
3.5673
3.53109
3.5194
3.50837
3.49702
3.48364
3.44867
3.47834
3.43657
3.43407
3.39081
3.40774
3.37162
3.3721
3.35399
3.33863
3.32015
3.30644
3.30493
3.27929
3.29316
3.27262
3.25056
3.22395
3.22144
3.20925
3.17872
3.18227
3.16992
3.1419
3.13086
3.12485
3.11335
3.08669
3.07343
3.06725
3.04559
3.02993
3.0131
3.01611
2.97232
2.97523
2.94577
2.93536
2.91131
2.90631
2.90228
2.90843
2.88259
2.88474
2.86
2.85195
2.83999
2.8456
2.82154
2.79772
2.77728
2.78911
2.76245
2.75164
2.73056
2.73066
2.71984
2.69428
2.68561
2.67507
2.65248
2.65824
2.65648
2.64595
2.62295
2.61849
2.588
