-178.699
-179.067
-177.507
-177.14
-176.722
-176.23
-175.4
-175.102
-174.411
-173.782
-172.861
-172.895
-172.133
-170.765
-170.496
-170.253
-169.074
-167.759
-167.897
-167.125
-166.071
-165.517
-164.903
-163.852
-163.43
-162.759
-161.808
-160.356
-159.282
-159.416
-158.43
-157.172
-156.297
-155.444
-154.349
-153.319
-152.518
-151.345
-151.096
-150.679
-148.54
-147.725
-146.159
-144.968
-143.199
-141.434
-139.848
-137.412
-134.583
-132.318
-129.305
-125.178
-121.367
-117.614
-111.351
-103.178
-98.3999
-93.9163
-90.2941
-86.1597
-83.0083
-78.4578
-74.7575
-71.4266
-68.119
