0
0.052439
0.0530512
0.135953
0.493633
0.629827
0.623553
0.88002
1.3273
1.50881
1.46538
1.67206
2.11681
2.38947
2.478
2.70441
3.10057
3.35754
3.41225
3.58497
3.9517
4.23392
4.36011
4.65575
5.14822
5.50223
5.52267
5.63261
6.00431
6.31529
6.41447
6.58531
7.04675
7.45403
7.57447
7.75178
8.30243
8.80477
8.83249
8.92323
9.22075
9.51222
9.65495
9.80236
10.222
10.6421
10.6882
10.722
11.0789
11.4565
11.515
11.5386
11.8944
12.2986
12.3128
12.2508
12.5792
13.0014
13.0555
13.0041
13.2114
13.51
13.5762
13.5479
13.7672
14.102
14.1215
13.9667
14.0778
14.3571
14.374
14.2054
14.1881
14.2903
14.2826
14.1771
14.1741
14.2776
14.2445
14.0469
13.9404
13.9566
13.8738
13.6385
13.4922
13.5
13.4002
13.0987
12.8846
12.8746
12.7811
12.4528
12.2062
12.214
12.1499
11.7858
11.4754
11.4126
11.316
11.0054
10.722
10.6624
10.5878
10.3154
10.0495
9.92978
9.80763
9.50273
9.19649
9.05287
8.91363
8.66302
8.40628
8.26537
8.13467
7.76663
7.36649
7.19351
7.06063
6.71273
6.31927
6.09309
5.91138
5.62612
5.30796
5.11287
4.96396
4.67368
4.31934
4.09374
3.93351
3.69078
3.39786
3.18623
2.99952
2.76292
2.4913
2.32906
2.26096
2.04483
1.67932
1.42022
1.28169
1.08088
0.796845
0.595592
0.516284
0.340299
