-73.8247 193.252 804.864
-69.2577 194.076 807.036
-58.0038 193.499 808.893
-70.4278 194.066 811.103
-75.8848 193.233 813
-71.258 194.06 815.17
-74.5722 193.245 817.052
-72.6581 194.048 819.088
-69.1523 191.731 821.106
-76.0847 194.021 823.306
-69.2152 191.731 825.176
-74.0861 194.037 827.367
-60.8954 191.846 829.268
-76.1789 194.02 831.302
-62.5996 191.784 833.47
-76.0982 194.021 835.329
-63.8615 192.204 837.538
-71.3333 192.491 839.556
-69.0224 192.032 841.604
-70.992 192.616 843.633
-71.4975 192.971 845.669
-75.8041 192.444 847.693
-75.0197 191.059 849.734
-75.3349 191.619 851.767
-76.9555 190.821 853.799
-72.1775 190.911 855.665
-78.9284 190.555 857.869
-73.5771 189.897 859.886
-73.1196 189.486 861.796
-105.242 190.496 863.964
-84.3244 190.352 865.871
-100.82 190.552 868.027
-72.556 188.291 870.067
-95.8228 190.615 872.097
-87.2014 189.204 874.132
-84.5436 189.235 876.162
-80.7845 188.633 878.2
-85.6279 189.142 880.223
-80.0731 187.579 882.263
-83.4319 189.175 884.148
-80.4708 187.165 886.334
-76.3471 187.7 888.347
-75.8048 186.655 890.397
-76.172 187.702 892.419
-69.2244 186.449 894.463
-67.9106 186.282 896.488
-65.2743 185.301 898.529
-61.4667 184.859 900.56
-61.1914 184.338 902.444
-55.1215 183.463 904.626
-70.817 182.927 906.664
-65.8175 181.985 908.693
-67.1657 181.423 910.726
-63.0031 181.726 912.76
-67.5512 181.001 914.798
-64.4996 181.687 916.826
-68.7323 179.711 918.712
-61.2387 180.225 920.898
-64.6015 178.745 922.924
-66.3495 180.081 924.959
-65.0949 178.198 926.997
-61.7818 178.662 929.027
-62.8584 176.995 931.061
-60.2163 177.165 933.092
-61.3741 176.808 935.121
-63.3925 177.061 937.156
-60.961 175.419 939.19
-61.7856 175.566 941.093
-66.8329 174.419 943.262
-66.5927 175.398 945.286
-70.9608 173.57 947.331
-64.8856 173.903 949.216
-70.5817 172.124 951.396
-62.9836 172.422 953.424
-65.8668 171.767 955.463
-65.3535 172.329 957.491
-65.1199 170.732 959.528
-63.8936 170.833 961.557
-67.2398 170.227 963.587
-68.538 170.64 965.456
-69.3851 169.705 967.662
-65.1616 169.224 969.693
-65.4415 168.486 971.721
-70.3883 168.996 973.758
-71.3519 167.508 975.797
-68.7557 167.503 977.823
-65.6647 166.34 979.859
-71.4871 166.41 981.893
-71.7655 165.148 983.929
-70.7222 165.843 985.956
-69.4346 163.965 987.995
-69.3122 164.345 990.023
-71.7706 163.236 992.061
-68.5911 162.817 994.086
-69.1045 162.428 995.989
-72.4382 161.525 998.16
-73.9043 160.831 1000.19
-66.3079 159.818 1002.09
-69.8433 159.663 1004.26
-71.0387 159.548 1006.29
-69.3364 158.311 1008.33
-72.3648 157.898 1010.36
-70.7266 156.716 1012.25
-69.3373 156.511 1014.42
-65.3832 155.109 1016.45
-71.3129 155.068 1018.49
-70.0106 153.639 1020.52
-67.986 153.466 1022.56
-67.8131 152.27 1024.59
-64.551 152.136 1026.62
-67.3245 150.872 1028.66
-71.2234 151.68 1030.69
-66.1984 150.22 1032.72
-66.0825 149.367 1034.76
-67.5261 148.655 1036.8
-63.9131 147.97 1038.83
-70.1812 147.519 1040.86
-73.233 148.389 1042.75
-63.4956 147.472 1044.92
-57.048 146.485 1046.96
-64.857 145.845 1048.99
-69.0438 145.868 1051.02
-48.2836 143.669 1053.06
-65.366 144.282 1055.09
-62.8981 144.186 1057.13
-69.3847 143.962 1058.99
-64.98 143.692 1061.19
-68.5858 144.026 1063.21
-68.1568 143.916 1065.26
-69.8253 142.938 1067.29
-65.1246 143.518 1069.33
-66.7649 142.559 1071.36
-67.6858 142.465 1073.4
-73.3063 142.072 1075.43
-70.3377 141.321 1077.46
-69.1587 141.716 1079.5
-69.2722 140.569 1081.53
-68.8216 140.096 1083.56
-70.0003 139.699 1085.6
-72.1759 140.148 1087.63
-72.4183 138.846 1089.66
-71.9552 138.381 1091.69
-74.2704 138.679 1093.72
-70.4817 138.107 1095.76
-70.3171 137.286 1097.8
-75.9132 137.105 1099.83
-72.1706 137.106 1101.86
-72.1487 136.111 1103.89
-73.0403 136.067 1105.91
-77.368 136.032 1107.96
-71.5501 135.806 1110
-74.7049 135.103 1112.02
-81.3115 134.455 1114.07
-78.1573 135.099 1116.09
-80.9793 134.845 1118.13
-78.7455 134.404 1120.16
-71.3245 134.025 1122.2
-75.0766 134.66 1124.23
-75.402 135.296 1126.26
-84.0155 134.784 1128.3
-82.2954 135.348 1130.33
-84.8928 135.386 1132.36
-83.641 135.82 1134.4
-91.3031 135.743 1136.43
-85.315 135.916 1138.46
-86.9631 137.066 1140.49
-86.6408 136.421 1142.53
-94.8463 137.057 1144.56
-87.6201 137.327 1146.6
-87.824 138.107 1148.63
-87.3409 137.647 1150.67
-87.8582 138.068 1152.53
-93.5652 138.666 1154.72
-90.2129 139.429 1156.76
-86.1401 139.026 1158.8
-92.5885 138.758 1160.83
-93.9614 140.238 1162.87
-91.1118 140.427 1164.9
-93.9523 140.248 1166.93
-87.5763 140.411 1168.96
-94.713 141.407 1171
-94.1349 141.049 1173.03
-91.906 140.537 1175.06
-93.0318 142.285 1177.1
-92.1519 142.269 1179.13
-95.2423 141.819 1181.16
-89.2024 141.581 1183.2
-93.941 143.27 1185.23
-98.1249 143.625 1187.26
-101.865 143.021 1189.29
-100.323 143.203 1191.33
-107.787 144.067 1193.36
-106.5 144.457 1195.4
-106.111 143.882 1197.43
-105.9 145.105 1199.33
-103.672 146.517 1201.49
-102.901 144.374 1203.53
-102.73 145.555 1205.56
-100.807 146.652 1207.6
-100.079 146.454 1209.63
-99.6681 145.912 1211.67
-99.2209 145.408 1213.7
-97.7494 144.039 1215.72
-115.546 145.306 1217.76
-96.8978 144.978 1219.8
-120.578 146.622 1221.83
-93.6772 146.55 1223.87
-99.7106 146.46 1225.9
-91.936 146.499 1227.94
-125.985 147.935 1229.96
-88.7146 146.127 1232
-101.458 147.973 1234.03
-129.939 146.813 1236.07
-96.2863 148.338 1238.09
-97.6728 147.425 1240.14
-92.3779 148.614 1242.17
-82.1955 147.538 1244.2
-90.3899 148.755 1246.08
-79.6157 148.498 1248.27
-86.8322 149.006 1250.3
-77.9065 148.476 1252.34
