79.39
80.722
79.39
80.722
80.722
81.165
81.165
81.18
81.182
81.261
81.993
82.064
82.073
82.288
82.288
82.288
82.96
82.964
82.984
83.013
83.013
83.933
83.013
84.014
83.946
84.014
85.001
85.025
85.001
85.203
85.203
85.302
85.302
86.196
86.196
86.86
87.018
87.018
87.018
87.267
87.333
87.333
87.474
88.347
88.896
88.954
88.962
89.225
89.454
89.495
89.517
90.925
91.201
91.96
91.987
92.176
92.194
92.344
93.935
94.003
94.996
95.077
95.131
96.904
96.962
97.899
98.831
98.989
99.07
99.107
100.605
100.745
100.763
100.763
100.813
100.813
101.562
101.633
101.562
102.656
102.812
102.656
102.812
102.812
103.345
102.812
104.085
104.085
102.918
101.309
102.918
101.309
102.738
101.309
102.574
100.337
102.574
100.337
102.446
100.17
101.106
100.011
101.04
100.011
101.031
99.047
100.666
99.047
100.666
98.212
99.762
98.012
99.636
97.911
98.897
96.91
98.897
96.91
97.93
95.995
97.753
95.731
96.886
95.052
96.05
94.846
96.05
94.02
95.896
93.721
95.598
93.647
94.492
92.712
93.854
91.678
93.205
91.412
92.578
90.647
92.319
89.712
91.369
89.531
90.555
89.484
90.378
87.762
89.998
87.483
88.636
87.265
88.423
87.22
88.244
88.244
88.244
86.694
88.244
86.694
86.694
86.694
86.694
86.572
86.572
86.572
86.05
86.05
86.05
84.43
84.43
84.43
84.167
84.167
84.43
84.167
83.389
83.389
82.343
82.343
83.389
82.343
82.146
82.146
82.146
80.549
82.146
80.549
80.083
80.083
80.083
79.447
79.447
79.447
78.447
78.447
79.32
78.447
77.95
78.447
77.95
76.322
76.322
76.322
75.405
75.405
75.405
74.498
74.498
73.383
73.383
73.383
73.383
73.383
72.49
72.49
72.49
71.185
71.185
71.396
71.185
70.312
70.298
70.298
69.028
68.747
68.747
68.342
67.932
67.06
67.06
65.886
65.886
64.586
64.586
64.408
63.797
63.797
62.746
62.325
62.325
60.808
60.777
59.51
59.51
58.302
57.6
56.401
56.401
55.254
55.157
54.465
55.157
54.465
54.465
53.858
54.022
53.858
54.022
54.022
54.022
54.022
54.022
54.022
54.148
54.859
55.764
56.02
56.02
56.646
56.716
56.903
56.903
56.903
56.903
56.903
56.903
56.903
56.903
59.239
56.884
59.239
56.884
59.239
56.884
59.19
56.884
58.672
56.884
58.205
56.743
57.875
56.743
57.731
57.043
57.043
56.326
56.326
56.126
56.126
55.751
55.751
54.955
53.843
53.259
52.503
51.525
51.411
50.3
48.983
48.323
47.979
45.419
45.354
44.355
43.136
42.14
39.637
39.635
38.102
35.909
35.272
33.639
31.253
30.603
27.716
27.673
25.805
24.413
20.302
20.302
18.702
17.308
15.093
13.102
12.272
9.989
9.989
9.989
7.813
5.582
5.582
5.582
5.582
4.067
