-78.7036 -164.583 804.864
-66.6486 -167.864 807.036
-78.1936 -164.611 808.893
-75.4393 -162.467 811.103
-75.0485 -163.256 813
-74.8453 -162.502 815.17
-75.2008 -163.247 817.052
-77.9628 -162.032 819.088
-76.1129 -163.194 821.106
-76.5821 -160.863 823.306
-71.3574 -161.948 825.176
-75.3965 -159.819 827.367
-76.0493 -161.663 829.268
-71.2889 -159.666 831.302
-69.1619 -160.562 833.47
-72.9554 -159.559 835.329
-73.0624 -160.316 837.538
-56.5115 -158.999 839.556
-68.2637 -159.101 841.604
-106.999 -158.245 843.633
-70.0559 -158.984 845.669
-55.4015 -157.176 847.693
-91.3115 -159.167 849.734
-88.1283 -157.023 851.767
-84.3847 -159.603 853.799
-82.567 -157.393 855.665
-79.538 -159.908 857.869
-76.8801 -157.77 859.886
-72.5401 -158.822 861.796
-62.6918 -157.382 863.964
-66.5405 -157.699 865.871
-60.2699 -156.667 868.027
-64.1791 -156.48 870.067
-59.6915 -155.526 872.097
-58.9827 -155.214 874.132
-53.6191 -153.826 876.162
-74.1914 -154.119 878.2
-73.7907 -153.16 880.223
-74.158 -154.122 882.263
-71.1629 -152.605 884.148
-71.4136 -152.793 886.334
-63.9923 -152.044 888.347
-76.1255 -152.443 890.397
-67.492 -151.473 892.419
-68.2345 -151.499 894.463
-67.627 -151.307 896.488
-72.4137 -151.19 898.529
-66.6521 -150.629 900.56
-74.356 -151.042 902.444
-70.0653 -150.192 904.626
-68.6911 -149.955 906.664
-72.0307 -149.671 908.693
-70.9389 -149.778 910.726
-58.8234 -149.093 912.76
-73.1255 -149.605 914.798
-65.0712 -148.815 916.826
-75.8836 -149.388 918.712
-67.0142 -148.291 920.898
-75.9605 -149.382 922.924
-70.1536 -148.196 924.959
-73.0847 -148.078 926.997
-64.4661 -147.674 929.027
-72.7779 -148.103 931.061
-69.1577 -147.53 933.092
-73.8678 -148.014 935.121
-68.0791 -146.968 937.156
-77.3536 -147.732 939.19
-65.1221 -146.852 941.093
-72.3062 -146.611 943.262
-67.2241 -146.129 945.286
-78.9659 -146.057 947.331
-70.7428 -145.57 949.216
-77.1624 -146.207 951.396
-75.7116 -145.179 953.424
-74.2303 -144.917 955.463
-61.2009 -144.158 957.491
-75.7839 -144.784 959.528
-67.3708 -144.035 961.557
-72.2897 -143.553 963.587
-63.7434 -142.846 965.456
-77.158 -143.125 967.662
-65.8717 -142.077 969.693
-72.5355 -142 971.721
-68.0304 -141.283 973.758
-77.1458 -141.585 975.797
-68.8166 -140.294 977.823
-73.6055 -140.37 979.859
-65.0525 -139.246 981.893
-72.5112 -138.939 983.929
-65.9754 -138.068 985.956
-70.3264 -137.618 987.995
-66.8924 -136.899 990.023
-68.7975 -136.242 992.061
-64.9123 -135.518 994.086
-61.657 -134.813 995.989
-66.1118 -133.974 998.16
-67.0064 -133.81 1000.19
-68.4992 -132.881 1002.09
-62.1642 -132.173 1004.26
-61.7426 -131.732 1006.29
-61.6274 -130.888 1008.33
-61.2896 -130.335 1010.36
-65.1789 -130.531 1012.25
-55.9792 -129.38 1014.42
-68.6488 -128.629 1016.45
-64.2437 -128.456 1018.49
-61.1733 -127.944 1020.52
-58.824 -127.589 1022.56
-66.746 -127.317 1024.59
-51.0099 -126.012 1026.62
-61.8848 -126.352 1028.66
-50.0603 -127.313 1030.69
-62.162 -127.833 1032.72
-50.5835 -126.596 1034.76
-59.1051 -126.205 1036.8
-69.1443 -124.061 1038.83
-57.577 -125.345 1040.86
-70.9622 -125.342 1042.75
-54.1455 -124.782 1044.92
-54.7856 -124.929 1046.96
-76.1328 -124.829 1048.99
-56.1445 -125.12 1051.02
-77.6107 -126.001 1053.06
-60.7117 -125.071 1055.09
-58.5145 -124.972 1057.13
-62.3722 -124.886 1058.99
-68.9598 -126.621 1061.19
-59.5812 -124.555 1063.21
-66.5234 -124.46 1065.26
-65.6086 -124.652 1067.29
-66.8242 -124.261 1069.33
-64.5936 -123.967 1071.36
-64.0631 -123.656 1073.4
-60.3936 -123.467 1075.43
-64.3455 -123.282 1077.46
-65.5136 -122.751 1079.5
-66.4831 -122.487 1081.53
-65.5318 -122.727 1083.56
-68.2091 -122.246 1085.6
-64.5359 -122.013 1087.63
-68.2161 -122.237 1089.66
-65.8564 -122.298 1091.69
-73.9384 -121.887 1093.72
-69.453 -121.631 1095.76
-72.7651 -122.027 1097.8
-69.4291 -121.662 1099.83
-73.254 -121.753 1101.86
-70.911 -121.756 1103.89
-69.892 -122.072 1105.91
-69.4079 -121.69 1107.96
-77.6368 -122.994 1110
-71.9694 -122.406 1112.02
-78.603 -122.969 1114.07
-69.9419 -123.13 1116.09
-78.1922 -124.478 1118.13
-78.9984 -123.473 1120.16
-76.6033 -126.206 1122.2
-80.2713 -123.87 1124.23
-80.5277 -125.764 1126.26
-77.6152 -125.23 1128.3
-76.3198 -127.782 1130.33
-81.647 -126.416 1132.36
-86.7105 -128.202 1134.4
-79.372 -127.006 1136.43
-89.5399 -127.896 1138.46
-80.2678 -127.872 1140.49
-83.5627 -130.102 1142.53
-80.3707 -129.727 1144.56
-93.6167 -130.62 1146.6
-80.0078 -130.179 1148.63
-89.1531 -131.082 1150.67
-85.3138 -131.499 1152.53
-89.496 -132.619 1154.72
-84.8087 -132.119 1156.76
-88.86 -134.253 1158.8
-83.6259 -133.569 1160.83
-93.5356 -135.37 1162.87
-83.1192 -134.19 1164.9
-89.997 -135.713 1166.93
-76.8035 -136.22 1168.96
-92.2021 -137.076 1171
-86.9826 -136.788 1173.03
-94.7703 -136.833 1175.06
-90.4137 -137.024 1177.1
-92.1295 -138.659 1179.13
-90.0686 -139.362 1181.16
-92.2047 -140.228 1183.2
-90.4127 -139.604 1185.23
-97.986 -139.708 1187.26
-86.6736 -139.571 1189.29
-103.672 -140.797 1191.33
-85.3236 -141.19 1193.36
-97.2562 -142.947 1195.4
-83.255 -141.761 1197.43
-106.062 -142.193 1199.33
-106.107 -141.386 1201.49
-107.205 -143.704 1203.53
-108.536 -142.787 1205.56
-110.152 -145.073 1207.6
-106.487 -144.567 1209.63
-114.033 -146.382 1211.67
-106.082 -143.97 1213.7
-110.186 -148.299 1215.72
-118.725 -145.195 1217.76
-117.468 -147.742 1219.8
-119.449 -146.773 1221.83
-115.255 -145.974 1223.87
-119.101 -146.391 1225.9
-118.967 -147.089 1227.94
-121.556 -147.132 1229.96
-120.482 -147.544 1232
-124.048 -147.884 1234.03
-122.779 -148.234 1236.07
