3.27769
3.28336
3.28402
3.29973
3.25531
3.31446
3.28301
3.29962
3.29525
3.29496
3.27661
3.30438
3.28888
3.27205
3.27665
3.27145
3.27439
3.28129
3.3015
3.32113
3.34335
3.36843
3.37196
3.37853
3.39335
3.39037
3.40646
3.40002
3.42141
3.4125
3.44638
3.45326
3.42606
3.38816
3.42609
3.39296
3.46235
3.47079
3.49248
3.4845
3.46871
3.49422
3.49023
3.49002
3.49569
3.50407
3.48658
3.48828
3.48899
3.50091
3.47299
3.48881
3.49219
3.48018
3.47978
3.48134
3.46578
3.48839
3.46385
3.4827
3.48216
3.49302
3.50347
3.44988
3.48996
3.49441
3.4796
3.49092
3.47397
3.4782
3.49786
3.51259
3.51565
3.4965
3.50463
3.50258
3.48486
3.47122
3.48226
3.47732
3.47105
3.4537
3.46796
3.47834
3.45314
3.47337
3.49042
3.48783
3.49594
3.51507
3.50453
3.52036
3.50185
3.51764
3.52004
3.51773
3.5431
3.55024
3.56104
3.54844
3.55286
3.55585
3.56613
3.5795
3.58655
3.5888
3.5954
3.60585
3.6024
3.60963
3.6082
3.60036
3.61232
3.63861
3.63897
3.65865
3.64282
3.6376
3.60649
3.6191
3.62506
3.60858
3.59866
3.60755
3.59656
3.6013
3.58667
3.58505
3.56145
3.58456
3.55174
3.55206
3.56436
3.56385
3.56129
3.54168
3.55431
3.54445
3.5302
3.5261
3.54286
3.5379
3.51393
3.53571
3.51613
3.50903
3.49262
3.48168
3.48722
3.47571
3.45163
3.43116
3.45771
3.4142
3.40694
3.39288
3.37362
3.36813
3.32761
3.32301
3.30069
3.26933
3.28158
3.24262
3.23505
3.226
3.21937
3.21203
3.1701
3.14552
3.15849
3.13936
3.11959
3.08849
3.08699
3.0663
3.03187
3.032
3.01383
2.99949
2.97975
2.96756
2.96082
2.96097
2.93294
2.92414
2.90659
2.89073
2.88539
2.8768
2.86708
2.8559
2.83126
2.84659
2.82542
2.79969
2.81151
2.81149
2.79548
2.76969
2.75818
2.74871
2.74008
2.72865
2.71824
2.71296
2.71633
2.70037
2.68628
2.69604
2.66806
2.66201
2.65258
