413
345
278
211
144
76
9
-60
-129
-199
-269
-338
-408
-478
-550
-620
-689
-755
-819
-881
-941
-999
-1055
-1110
-1163
-1215
-1266
-1313
-1359
-1402
-1444
-1485
-1523
-1559
-1595
-1630
-1663
-1694
-1723
-1750
-1774
-1795
-1813
-1829
-1843
-1854
-1862
-1867
-1867
-1863
-1856
-1848
-1837
-1823
-1805
-1784
-1762
-1739
-1715
-1691
-1666
-1640
-1613
-1584
-1554
-1523
-1490
-1457
-1424
-1388
-1353
-1316
-1279
-1241
-1202
-1162
-1121
-1079
-1037
-993
-948
-903
-859
-815
-771
-727
-683
-639
-596
-555
-515
-474
-432
-389
-345
-302
-257
-212
-166
-120
-72
-25
22
69
116
163
210
257
306
353
401
449
498
547
595
644
693
741
790
839
887
936
985
1035
1085
1137
1189
1240
1290
1340
1391
1442
1492
1541
1588
1634
1678
1719
1758
1796
1833
1871
1910
1948
1985
2020
2053
2084
2112
2136
2158
2177
2192
2203
2213
2220
2224
2226
2225
2219
2210
2195
2176
2151
2122
2088
2046
2001
1953
1902
1846
1785
1719
1648
1573
1492
1408
1322
1234
1142
1045
943
835
723
608
491
373
254
134
16
-102
-220
-337
-452
-566
-681
-796
-911
-1025
-1137
-1248
-1356
-1460
-1559
-1654
-1746
-1831
-1910
-1986
-2057
-2124
-2186
-2242
-2293
-2339
-2378
-2412
-2441
-2467
-2487
-2501
-2508
-2509
-2506
-2498
-2485
-2468
-2448
-2424
-2397
-2368
-2335
-2299
-2261
-2221
-2178
-2131
-2081
-2028
-1973
-1916
-1856
-1795
-1734
-1672
-1609
-1545
-1483
-1420
-1358
-1296
-1234
-1172
-1111
-1049
-988
-927
-866
-805
-744
-685
-627
-570
-512
-454
-397
-341
-285
-229
-174
-118
-62
-7
48
103
158
212
265
317
369
421
473
524
575
626
676
725
775
824
872
921
970
1019
1068
1116
1163
1210
1255
1300
1344
1388
1432
1475
1517
1557
1596
1634
1671
1706
1739
1770
1798
1824
1848
1869
1888
1905
1920
1934
1946
1955
1961
1964
1965
1963
1959
1952
1943
1931
1918
1902
1883
1861
1837
1811
1783
1751
1717
1680
1641
1599
1553
1505
1455
1403
1350
1295
1237
1178
1117
1056
994
931
867
804
741
677
613
547
480
