111.783
112.753
115.886
118.027
120.801
122.865
124.509
123.002
124.689
126.335
130.479
135.304
139.835
145.225
150.398
156.44
161.521
167.464
174.777
178.033
183.168
189.809
198.735
204.989
212.976
218.567
226.118
229.392
235.87
237.313
241.324
244.057
249.892
252.978
255.18
256.165
258.372
253.522
254.713
249.537
247.2
241.18
235.09
226.36
220.173
211.376
201.58
189.557
179.066
165.42
154.294
141.515
131.33
116.823
107.915
95.593
84.857
69.106
58.195
44.59
31.299
19.571
10.667
-3.41302
-11.155
-22.846
-30.579
-40.113
-44.6
-53.135
-58.916
-66.877
-70.021
-76.446
-78.753
-85.756
-90.305
-94.597
-97.85
-103.04
-106.47
-109.731
-110.03
-115.921
-114.931
-118.341
-120.805
-122.879
-124.066
-127.826
-129.335
-131.476
-133.627
-136.592
-138.305
-141.044
-142.558
-146.134
-148.245
-150.356
-151.563
-152.781
-154.632
-157.206
-157.858
-160.113
-162.118
-163.793
-164.932
-167.885
-168.74
-163.888
-169.608
-166.36
-163.018
-163.813
-163.982
-157.742
-162.869
-158.262
-154.606
-154.375
-153.951
-146.313
-149.152
-145.007
-142.007
-142.148
-140.623
-133.65
-129.828
-128.645
-128.151
-125.569
-123.579
-121.103
-119.891
-118.715
-125.146
-120.904
-124.158
-126.735
-125.16
-124.415
-131.941
-127.237
-130.96
-133.916
-135.031
-131.654
-142.052
-137.165
-134.585
-141.999
-151.745
-148.34
-148.956
-150.086
-149.087
-154.044
-163.361
-163.986
-161.068
-165.775
-166.361
-163.997
-168.883
-169.83
-164.695
-166.424
-174.963
-169.995
-170.711
-182.426
-177.349
-172.752
-184.43
-188.047
-180.048
-181.989
-188.563
-190.486
-193.188
-197.908
-194.948
-190.674
-199.842
-202.105
-198.361
-206.243
-204.396
-208.376
-218.969
-223.852
-217.397
-227.959
-232.338
-229.622
-230.645
-247.656
-250.23
-249.297
-255.508
-266.672
-270.188
-272.767
-277.091
-280.134
-277.194
-282.301
-279.735
-279.128
-281.68
-283.245
-283.761
-277.739
-271.041
-266.834
-265.541
-260.525
-244.455
-236.506
-229.035
-213.484
-194.056
-181.236
-171.375
-148.492
-129.102
-108.506
-97.609
-78.116
-64.652
-53.154
-40.339
-24.411
-13.359
5.45897
19.94
30.093
33.807
49.516
58.967
70.959
67.659
71.109
68.743
71.022
64.782
64.59
63.338
59.432
49.905
44.015
35.839
28.783
18.959
11.269
0.0100403
-8.08995
-23.2469
-36.394
-51.56
-65.6979
-78.3079
-96.0689
-112.788
-131.826
-148.614
-164.386
-181.374
-197.195
-218.553
-237.547
-262.036
-287.249
-309.368
-336.862
-362.324
-386.632
-410.082
-438.767
-465.689
-498.679
-530.978
-568.662
-584.054
-605.002
-623.629
-656.331
-674.643
-695.402
-714.193
-735.883
-754.991
-772.012
-788.148
